Angle=[
   0.9962   -0.0873    0.0000   -0.4545;
    0.0809    0.9237    0.3746   -0.6896;
    0.0327    0.3732   -0.9272    8.9209;
         0         0         0    1.0000]
     
     Angle=[ 0.9743   -0.2251    0.0000   -0.3746;
    0.2229    0.9649    0.1392   -0.6635;
    0.0313    0.1356   -0.9903    9.0719;
         0         0         0    1.0000]
     
     Angle=[0.9744   -0.2249    0.0000   -0.3747;
    0.2162    0.9366    0.2756   -0.7142;
    0.0620    0.2686   -0.9613    8.9756;
         0         0         0    1.0000]
     
     
%      Angle=[0.9744   -0.2249    0.0000   -0.3747;
%     0.2055    0.8901    0.4068   -0.7512;
%     0.0915    0.3963   -0.9135    8.8731;
%          0         0         0    1.0000]
%      
%possible cover for JN
load data_cover
figure
surf(x,z,ygt);
hold on;
plot3(cTMF,cSMF,FmBW,'k.');
shading interp;
axis off
box off
view(Angle);

figure
surf(x,z,ygs);
hold on
plot3(cTMF,cSMF,RDBW,'k.');
shading interp;
axis off
box off
view(Angle);
